0.0500430854593
0.0795013547847
0.0365216129789
-0.0121291698666
0.017368301246
0.0197871996232
0.0326987542378
0.0660155841977
0.02976201664
-0.0142365153772
0.012509033276
0.011548854268
0.0686884133438
0.0493683382557
-0.0125836482354
-0.0337846074175
0.0118266117439
0.0457960742708
0.0302698522051
0.0345278477851
-0.00700043770945
-0.0284232680134
-7.68711940604e-05
0.00233722200303
0.0381585782893
0.0754804132503
0.036562760759
-0.00187643200849
0.0239281729792
0.0190974558895
0.0013551826273
0.0415080184128
0.011621083225
-0.0242254400468
0.000531032910161
-0.0139252948245
0.0419545792655
0.0666145040822
0.0343542327328
0.00910749307056
0.0206283055856
0.0124156156952
-0.00113157840352
0.0521311975961
0.0380114435098
0.00614839184438
-0.00558563312161
-0.03610023681
0.0146707964081
0.0633788116472
0.0376844128374
-0.000600927045593
0.0154922950232
-0.00782172899947
-0.0225342869051
0.0470613317772
0.0202734703979
-0.0239598764117
-0.0268342235944
-0.0533906581866
0.01203029505
0.0825229067661
0.0805904927705
0.0427368816946
0.0105143184865
-0.0257727730938
-0.0379108016164
0.046798913718
0.0665803022343
0.0235799656085
-0.0135832441268
-0.0709916239274
-0.00613731218479
0.0741423178068
0.058524709089
0.00602024263259
-0.0131293228788
-0.0406453948321
-0.0488870273568
0.0490543230667
0.0372634157952
-0.0181639089459
-0.0484493129103
-0.0854473942037
-0.0344577123022
0.0664285460277
0.0958158186004
0.058570736548
0.00169963603605
-0.063215257246
-0.0716415663568
0.0384137962277
0.0726671317995
0.0297661638257
-0.0281535768212
-0.0873902111357
-0.0383322043828
0.0728757291199
0.073367644465
0.0159595646303
-0.030800523674
-0.0780352172713
-0.0705565676334
0.0465900804076
0.0442454454857
-0.0124565615732
-0.0554052226238
-0.0972960565105
-0.151658191603
-0.109394931624
-0.0588626958598
-0.040258131401
-0.0920434158016
-0.15338395965
-0.128016504237
-0.0485002980917
0.0428196252336
0.020695910415
-0.0871287665945
-0.142424854781
-0.154511084489
-0.0684375210221
-0.0387253721697
-0.0450839213673
-0.0941222995049
-0.160658592176
-0.0550657808511
0.144970546554
0.0912334325409
-0.00589205219831
-0.107909682942
-0.151645492987
-0.140216137375
-0.0475585938505
0.00441479564521
-0.0334723529919
-0.120810164921
-0.160635316688
-0.07225992073
0.0967911782607
0.0961130013284
0.0140529908099
-0.101369327953
-0.138299552305
-0.0720842795027
0.158614022778
0.0294766969001
-0.0811875401527
-0.136521634421
-0.16979777779
0.0407598947703
0.190826042326
0.0690220227643
-0.0874713074944
-0.123921097722
-0.119842731129
-0.0382527766006
0.104106663704
0.0749423611393
0.00148534441339
-0.0828627052404
-0.109636439863
-0.00599709063843
0.0723268604851
0.0466610639634
-0.00926674587011
-0.0350841872841
-0.0569327543473
0.044043467349
0.151971906274
0.031572090349
-0.0813836204542
-0.084464114958
-0.0788965565414
0.0114868519629
0.0587485917444
-0.0189620109215
-0.0442059662445
-0.0139234780586
-0.0243619019104
0.0235613164196
0.0697122368539
0.0278462420125
0.00228274905237
0.000213438074594
-0.0118317194715
0.0256089888384
0.0439496068231
0.0167824217405
0.0178412551254
0.047276279297
0.0249153174309
0.0129089601784
0.0321579617166
-0.0196277416429
-0.0114872581823
0.0301599770862
0.00341246745406
-0.0208706903962
-0.00747083700503
-0.0111184628139
0.0321814517511
0.0623433817663
0.00511963824221
0.0171402100053
0.0315635588493
-0.00136866165951
0.00278229196465
0.0373440439176
0.0172661543213
0.0452392277061
0.0791477569863
0.0492291231463
0.0377191975245
0.057872729689
0.0341014755196
-0.0465572363872
-0.025280745594
-0.0270049189385
0.017737985851
0.0470457403943
-0.0219118995315
-0.0105155032807
0.033885199597
0.0343658311065
0.0516317782547
0.0629836214674
-0.00440538166097
0.0246049931524
0.0704110865169
0.0302677172148
0.00448003288529
0.0203791304833
0.00761499445675
0.0362715182525
0.0951747568555
0.0671570180955
0.0202570974131
0.0329621579172
0.0125193549962
-0.0349548750277
0.0204922953258
0.0142419649668
0.0166933437999
0.0189753544854
-0.0432865363872
-0.00258692053742
0.0783646105166
0.0541026893722
0.0229160108907
0.0216639881718
-0.0357999703305
0.0313978852252
0.0960144866519
0.0705253524139
0.0151823166205
0.024019389262
0.00173827985642
0.0156886322298
0.077933949132
0.056858507413
0.00780745917395
0.0142915032575
-0.0122529548089
-0.0115464053066
0.0826328606038
0.053403201923
0.00543489207474
0.000572524386718
-0.0548443887706
-0.0173669395872
0.0842243863322
0.0455127065119
-0.0169180993259
-0.021931840339
-0.0707957839705
0.0306658620982
0.0973034711306
0.0711601431618
0.0266182927836
0.0346398900809
0.0063014557264
-0.000527012736376
0.0560668127658
0.0325782184123
-0.00673244060664
0.00910484823672
-0.015697554941
-0.000451465763093
0.102009775249
