0.00619450830922
0.0642597746699
0.0250030668599
-0.0217711268869
-0.0133624935812
-0.0243226725856
-0.00521529421752
0.00222221824241
0.00183414160126
0.030115142361
0.0752560931602
0.0287296154377
0.0248247044656
0.0428554098222
0.0235495481344
0.0211147364856
0.0455651177555
0.0270861361907
-0.02438961964
0.0438638355646
0.0062582989686
-0.0377501628959
-0.0301209802335
-0.0483709906533
-0.00383302390948
0.0585858718919
0.0404918114408
0.0263710011724
0.0325552933702
-0.00952054708674
0.0150096829493
0.030704061584
0.00815178181576
0.0038052594455
0.034205217799
0.0175933987734
0.035970024688
0.0563959408453
0.0402196282936
0.0546488173334
0.0855851332479
0.0455533183375
-0.0447788488356
0.0163113027553
0.00363625513792
0.00457015624406
0.0191646636953
-0.0341183861168
-0.0387574038462
0.0167311322618
0.0133451439947
0.0475497940938
0.078147528562
-0.00127360065151
0.00386817450269
0.0176376356837
0.00678182570429
0.0397998462963
0.0750923842654
0.0264792501898
0.00487642307581
0.0306197605231
0.0278851375353
0.0719065660807
0.103562158037
0.0387440242479
-0.0563808040915
-0.00506429317301
0.0010130552845
0.0480483705673
0.0853050069962
-0.00746736131807
-0.0748032185479
-0.029821783945
-0.0223053259671
0.0382844810693
0.0891510686916
-0.0154235152528
-0.00639764122018
0.0194123210395
0.0251416897855
0.0737887548604
0.103129165947
0.0299776140368
-0.0226615517369
0.0133868813473
0.0128462918461
0.0654828654003
0.0860142378894
0.00980287695056
-0.0616256002148
-0.0184228532132
-0.00852635504049
0.0575047043732
0.106758647966
-0.000175770244166
-0.0747965105885
-0.0328928472607
-0.040074128406
0.0219601110102
0.0688245296937
-0.0315810915454
-0.00551938244346
0.0300155857474
0.0328481631086
0.0827020848722
0.104942938615
0.0255989118616
-0.0256464332183
-0.00126240587314
-0.00405209328135
0.0465531789621
0.0697392283325
-0.00427008003643
-0.0472412889037
-0.00962583859825
-0.0102344352782
0.0511934628986
0.0960401001104
-0.00728856487138
-0.0695788799741
-0.0402927832597
-0.0430909471309
0.0183621897136
0.0661131806005
-0.0263404904793
-0.00702098737762
0.0168683265324
0.0216724489943
0.074381221026
0.101769517096
0.0199230751315
-0.0516804068802
-0.0248483414594
-0.0175300910782
0.0434889293999
0.0732206193183
-0.0151165395324
-0.0467997559971
-0.0180078921799
-0.0133177718189
0.0488915276037
0.0944037614761
0.000150891242342
-0.0757841239216
-0.0471041304355
-0.0436835140507
0.0271236651615
0.0672934768559
-0.024486157692
-0.0412552078775
-0.01035546213
0.00888482153182
0.0731118034715
0.103124012638
0.00428586576134
-0.0835266140011
-0.0465909218674
-0.0180076126135
0.0563889670214
0.0789198150707
-0.0327387082892
-0.0619870368704
-0.033366024298
-0.0191883849705
0.0535296821193
0.0877994384671
-0.00769022459072
-0.0701678547591
-0.0521586895526
-0.0385572412618
0.0235410027446
0.0596896327266
-0.0338682752952
-0.0763724995601
-0.036820037913
0.00687945015423
0.0805332995717
0.0953773722209
-0.0222292657847
-0.0850527685371
-0.0537394482206
-0.0166686206538
0.0593314194888
0.0653434636941
-0.0433727427614
-0.131588056768
-0.0798763445706
-0.0119811494885
-0.0191376563338
-0.0837521203048
-0.13084230286
-0.115089634225
-0.074174506503
0.0645744502532
0.0708554281348
-0.0471803975146
-0.102258816383
-0.144801784117
-0.0947500633695
-0.0200463430286
-0.0306271508259
-0.100690648317
-0.141492232741
-0.130624370311
-0.0861735277366
0.0582887758961
0.0589111862127
-0.0872785554202
-0.128111910614
-0.130697859615
-0.0954415798312
0.0152361472291
0.0419183947805
-0.0490214327658
-0.113321244029
-0.107877048015
-0.0798434498568
0.0820183779861
0.138386083419
0.0764548158329
-0.0513719118966
-0.147589986113
-0.109114961349
0.0209201162599
0.0227927139284
-0.0950954645003
-0.143396600807
-0.135306451398
-0.0719300048871
0.106437030989
0.123226632893
-0.0373257210242
-0.118765451657
-0.0999921659673
-0.0796274021454
0.0340259193806
0.0920678954039
0.0705798693617
-0.0449984778073
-0.040524374504
-0.0288216797712
0.0145781884515
0.0642704660527
0.0774419026773
0.0016408891146
-0.122889493093
-0.0751174296122
0.0637886659378
0.0825201283523
-0.0301059878121
-0.105649185357
-0.0545793743485
-0.025901533635
0.0488695405042
0.0637973178356
0.0175972905953
-0.0393362172351
-0.0188208417487
-0.00965365375953
-0.00515434794876
0.0225102265484
0.0613440759953
0.0132993574472
0.0275229877442
0.0243890448708
-0.000326865224305
0.00498807729964
0.0463535793858
0.033892231974
-0.0226850805014
-0.00909571179243
0.0121451378339
0.0236825572731
0.0306905692056
-0.00941698209912
0.0302405179792
0.0231245443386
-0.0111711801862
-0.00109307541183
0.0460201219401
0.0378167800128
0.015633353089
0.00987463351307
-0.0233008827206
-0.0169857393274
0.0258888013706
0.0201447603922
0.0446867767529
0.034756137118
