-0.0131878448198
-0.0482668914127
-0.0188624120203
0.0470053098848
-0.00152829343799
-0.0445182020105
-0.0292500359514
-0.0593616872154
0.0170626317741
0.0948293550291
0.054082407494
0.00310761145968
0.00221662444919
-0.0254028267147
-0.00488471726215
0.0651915717096
0.0236233908093
-0.0281554113614
-0.0228483845652
-0.0439811130476
0.00591741984778
0.0650245009064
0.020762643629
-0.0186414373084
-0.0105891382081
-0.0377726853019
-0.0162841473518
0.0374302739418
-0.010916993407
-0.0433567503962
-0.0245453984192
-0.0483382527437
0.00391316916553
0.0736004125627
0.0422911057617
-0.00746243961432
-0.0157755725556
-0.0380438180639
-0.0268912990141
0.0515547242393
0.0214475140837
-0.0261329079839
-0.034962329082
-0.0551234215738
-0.00512448403185
0.0509524548354
0.0103514641659
-0.0219104590709
-0.0125554786611
-0.0359316575468
-0.025746389557
0.03014960666
-0.0111658064985
-0.0349931850026
-0.0322203064154
-0.0468996707545
-0.19156372794
0.170842963352
0.0759111572678
-0.118146689376
-0.172309888207
-0.250595979709
-0.0605189713317
0.191724745326
0.0450839497647
-0.174270745291
-0.210645311922
-0.236539955881
-0.165966791094
0.135478848554
0.127010418032
0.0249613120888
-0.0613318642346
-0.194444672819
-0.00495884734791
0.100049760622
-0.0367811251816
-0.136219873288
-0.136917453148
-0.112135919565
0.0206178319697
0.21646433713
0.0110917316416
-0.178807992998
-0.183270105301
-0.191129521756
0.0561468076869
0.140760200098
-0.0550854093332
-0.120915958873
-0.110205674696
-0.103531851597
0.075405841986
0.120722925447
-0.0926028560513
-0.149027642271
-0.111758549627
-0.0456175249658
0.0957913200477
0.090150422523
-0.0975800639502
-0.126472593898
-0.089360375643
-0.00534518248333
0.0528721928099
0.0830969956743
-0.0685794028618
-0.0991159076993
-0.0645223489645
-0.0546887143838
0.024518866146
0.0067814113294
-0.0425374202371
-0.0168484005791
0.0361284118655
0.0191936266913
0.106162798354
0.0851639064425
-0.0877496019616
-0.112806199649
-0.0679730419823
0.0163728428823
0.0929402973215
0.0485992595878
-0.0649003121892
-0.0669027897087
-0.0145131005981
0.0608454565926
0.010770762286
-0.0104983721961
-0.0541320534997
-0.0192079600261
0.0523332477656
0.0331827539305
-0.00154159391493
-0.0390870021626
-0.0610609817565
-0.00649075891856
0.0783488320065
0.0490754691803
0.0938443633518
0.0253038363011
-0.0751526667096
-0.0642845385922
0.00521463681685
0.0804154791434
0.0777653376281
0.000769570283673
-0.083211987309
-0.0603797379407
0.0433829749656
0.0950643761955
0.00299582241714
-0.0315009421685
-0.05708488776
0.00149606778526
0.0905154254408
0.0600199422185
-0.0187527649918
-0.0398101856737
-0.0637797431978
-0.000490857690663
0.0742038382401
0.0379840894984
0.0835583285148
-0.00256765684262
-0.0803776039588
-0.0485492152717
0.0640567682031
0.111575972031
0.0502699692525
-0.0299145260146
-0.0910280271857
-0.0502545561037
0.061270652247
0.0913992163811
-0.00476345050511
-0.0156481090788
-0.0464162127824
0.00940700790349
0.0808462192098
0.0444497135031
0.015194408657
0.0212752944145
-0.0271736447499
0.00402427175114
0.060154263003
0.0250476093172
0.0523409018509
-0.0233740358914
-0.0842549692766
-0.0399287824268
0.0682024965786
0.0928377429025
0.0388999821909
-0.0215582646846
-0.0867678049731
-0.0433395758806
0.0454419477118
0.0649274767393
0.0298823037591
0.0456030704554
-0.0164196673509
0.00276083831378
0.0520473277321
0.0203847290914
0.043200690907
0.0760217425636
-0.00732797694934
-0.0221979256904
0.0209493895105
0.0041918229587
0.0416975802424
-0.0150150210386
-0.0790233682067
-0.0406887046599
0.0397334688684
0.0501035823349
0.0356810435946
0.00601470144747
-0.0686601686924
-0.0512044486194
0.0129077927315
0.0288209381557
0.0503243991828
0.0916848438915
0.00687281961592
-0.0186272744662
0.0166172644999
0.000294032779393
0.0305097834899
0.0819456064427
0.00919077955408
-0.0269504614722
-0.00467776905268
-0.0288181404336
0.0447305944374
0.0221859839448
-0.0557485637989
-0.045516898086
0.00747675861095
0.0229975152559
0.0257434352743
0.0326671320619
-0.0468629499782
-0.0558868817863
-0.0103484115842
-0.00610909664056
0.0356347543693
0.0866873103672
0.024632576023
-0.0115692728854
0.00452697398945
-0.0211098806503
0.0083612779615
0.0628318755218
0.00852282359099
-0.0267381064805
-0.00555155510644
-0.0331961403901
0.0340289987216
0.0442658101006
-0.0300767901998
-0.0424664785925
-0.000197386290818
-0.00516657790824
0.00683463169263
0.0281626895851
-0.0368025904173
-0.0549127114443
-0.0100178699948
-0.0192185578952
0.0202226844356
0.0697111374892
0.0226282139017
-0.00871985120824
0.00264809504384
-0.0187396353559
-0.000810021293454
0.0454643268448
-0.00606272710759
-0.0323142512635
-0.0074955636386
-0.0275817834558
0.0187396166091
0.0396603994844
-0.0188253975974
-0.0338978268267
0.00449035890104
-0.00369925086315
