-0.00860562102812
0.0265438573906
-0.102561388494
-0.168779953365
-0.153782664067
-0.108813531799
0.0446824539406
-0.0434443913611
-0.154385609989
-0.186596975391
-0.143530677017
0.0246447239224
-0.0808334155834
0.037941676484
0.05722671681
0.0804417838786
0.0224774172714
-0.126539967373
0.00686208834581
-0.0635344835602
-0.10364460993
-0.0715286584836
-0.00825472727886
0.0170568482885
0.077433832269
-0.0522604793169
-0.149957039843
-0.177834526924
-0.107420688093
0.0908148187053
0.0499599749616
-0.0787569108081
-0.140286716338
-0.15719504332
-0.0899229075377
0.0809377659214
0.0517425372675
-0.0890714388467
-0.151140050152
-0.132221819128
0.024354939074
0.0997654608602
0.0525952102736
-0.0878370562862
-0.132335522787
-0.117781930382
0.0435647784534
0.121857435735
0.0509691587611
-0.0697246533037
-0.13233842781
-0.152833079944
-0.0740876738073
0.092095086714
0.0348339150062
-0.0634652204112
-0.121814579985
-0.134773942683
-0.0704257016301
0.0618268746226
0.0659740858986
-0.0805915732043
-0.13006223793
-0.114615669092
0.0626965282328
0.139080638617
0.0817753856054
-0.047760233481
-0.0956247700274
-0.0882789261594
0.0497221663733
0.135347122924
0.0413474991055
-0.0462718405309
-0.113737455569
-0.129172535222
-0.0680563866182
0.0590067102068
0.0497943297743
-0.0219645045868
-0.107510329287
-0.128238310509
-0.0743087953308
0.0319125655691
0.102397885091
-0.0289800527393
-0.0956221617122
-0.0903280197942
0.042058086473
0.134044863517
0.124040123341
0.0220094725407
-0.0789087807677
-0.0927592437554
0.0109846853246
0.114031044951
0.0602100688866
-0.00573982378773
-0.0970795891073
-0.118601757591
-0.0691998370368
0.0333425770529
0.0685699119977
0.0084378636373
-0.103724426735
-0.127048774461
-0.0736310315838
0.0103934331425
0.137194242399
0.042821985066
-0.0763798648984
-0.0915119901446
0.00653118544715
0.105816917954
0.123710060134
0.0626981169106
-0.0782289729463
-0.102453653552
-0.027831450931
0.073513354644
0.0857622917234
0.0280390991317
-0.0871223337603
-0.114244684003
-0.0608810263307
0.0259333163112
0.0774604331025
0.0231508083559
-0.0997605201005
-0.123933083724
-0.0698620786377
0.0174691093016
0.13524285181
0.0709485936712
-0.0660815268283
-0.0892667896895
-0.0183647819648
0.0766793725752
0.096178798705
0.043773502752
-0.0715013816014
-0.101065427225
-0.0208698438215
0.0583232731793
0.0789912612864
0.0286746895779
-0.0794734614357
-0.102755397652
-0.0529275249478
0.0349467849316
0.055951474197
0.00369921491149
-0.0906181997447
-0.104775314014
-0.0421996056581
0.0277525357607
0.097379726272
0.0489670415225
-0.0520488349155
-0.0799675584881
-0.00198358989401
0.0645945158175
0.0601001971264
0.0231037934084
-0.0537189624346
-0.0793968764617
0.00740907910157
0.0562936158201
0.053909170039
0.00716365110472
-0.0753689094233
-0.0885286510211
-0.0243896328439
0.0406484030882
0.0331473989193
-0.00448489065204
-0.0779692252975
-0.0909671387029
-0.0174234312253
0.0328989353139
0.0597318127058
0.0235239014157
-0.0419867227524
-0.059464625229
0.0278883521042
0.0643589870286
0.0262990052498
0.00563030551567
-0.0536384216119
-0.0558783155057
0.0311914737534
0.0533024040131
0.0310400900441
-0.000564254561637
-0.0660013923865
-0.0765213696974
-0.00404985149102
0.0407516421029
0.0114980297746
-0.0142247246968
-0.0740772981206
-0.073246228459
2.619284754e-05
0.0231629738606
0.0297879089129
0.00903666044541
-0.0432664292957
-0.0397386618878
0.0497542157573
0.0579222623813
0.00656630830633
-0.00829212409977
-0.0542982403041
-0.0417840619263
0.0427563547796
0.0426847644807
0.0155484543696
-0.00704678009297
-0.058808675773
-0.0579288539758
0.00892772819299
0.0293895491364
0.00807027489055
-0.0116565615715
-0.0674077614549
-0.0679191713665
-0.00757928634952
0.00717394085426
0.0140481943033
-0.00241096136513
-0.0418380944092
-0.0286033433103
0.0491629194078
0.0431879770833
-0.00156279503232
-0.0114905675676
-0.0524430362273
-0.0412236061125
0.0226813878459
0.0220296139314
0.00853114670815
-0.00450060794374
-0.0559873474283
-0.0537823504461
-0.00222481659685
0.00751017433114
-0.00858763855548
-0.015276435751
-0.0560427906012
-0.0528646723479
-0.0075393109425
-0.0101585620962
0.0038069788687
-0.00676552762656
-0.0382005567242
-0.025805289025
0.0282102025323
0.0192272500517
-0.0125067730659
-0.0208105899298
-0.0468581442246
-0.0385245410096
0.0121674303367
0.0016874316185
-0.181147940261
-0.0487484527586
0.0358629095832
0.132550209794
0.123315041643
-0.16335313549
-0.100408257619
-0.134613890352
-0.129026278333
-0.0376825957402
0.0879133588657
-0.00711186273597
-0.258801951496
-0.177318509622
-0.108911687364
0.0839645007028
0.162179890157
-0.19874471622
-0.241696598135
-0.218810453104
-0.169915813555
0.0615466156942
0.177653371225
-0.0600111008568
-0.0334866212455
-0.111326131887
