-0.0023498204879
0.0185407056656
-0.0411955668397
-0.0482127143595
-0.00757351112798
-0.0180920645047
0.0081816484023
0.0521297833651
0.0074050955255
-0.014638714225
-0.00389959965459
-0.0199343019564
-0.012658148054
0.0315459491665
-0.0121838026454
-0.028193451947
-0.0175145037729
-0.0350848004639
0.003332943217
0.0251925057152
-0.0251938149849
-0.0327930844146
-0.000367508609942
-0.0139008888499
-0.0138831899643
0.0106626964307
-0.0321940076058
-0.0426308386727
-0.0158109329559
-0.0247533557314
-0.115964257386
0.0478637728704
0.0882982542831
0.0514759882689
0.0350391764696
-0.0753613929148
0.0289166492151
0.0084709619749
-0.0730545282735
-0.105587084555
-0.0638798640583
0.00445736246923
-0.105058237669
-0.158776114596
-0.181316904558
-0.113027050593
0.0367973629546
-0.00625049537757
0.0217102112377
-0.143829000018
-0.20808356569
-0.175878080593
-0.042384404884
0.0388114592132
0.108314307903
0.0347541049941
-0.130540482495
-0.14211214365
-0.0829812732451
0.0472861517103
0.126158748301
0.0439487972718
-0.121172466834
-0.124187599861
-0.0760799210311
0.0494978065707
0.0861619479404
-0.108628407562
-0.195735527031
-0.169932155848
-0.0536494450627
0.0764161001622
0.0736501482115
-0.100719244014
-0.171774783839
-0.153039836693
-0.0798604164414
0.0539213484878
0.139023444614
0.0586494814673
-0.111549599795
-0.117192831573
-0.0670459897552
0.0670829529135
0.132245892738
0.0334451657387
-0.0847132368931
-0.0834797240273
-0.0224020520395
0.0934518904466
0.0861498508303
-0.0823522292288
-0.15775269506
-0.13946942681
-0.0672409456308
0.0580943912874
0.0523758397009
-0.0766335520023
-0.142678167668
-0.127622904998
-0.0573788277931
0.0406598341502
0.12934865827
0.0277408558472
-0.08650281294
-0.0797129099186
-0.00437246337434
0.114405227054
0.113156767794
0.000348936449397
-0.0911555093653
-0.0698751445085
0.0384641911696
0.126720495817
0.0529617262669
-0.0711896205856
-0.13676756289
-0.119949602872
-0.0422421733961
0.04847447636
0.0257415037434
-0.0794255285784
-0.135274048257
-0.113266625713
-0.0165731843431
0.0556950151672
0.107338320368
0.00155660606815
-0.086647098453
-0.0650442322034
0.0518997988553
0.138761926152
0.0775611937563
-0.029884021808
-0.099636528956
-0.0679774277342
0.0621289350926
0.121692810087
0.029859498285
-0.0728677944325
-0.125956415856
-0.104369563888
-0.000353715437761
0.069874454466
0.0108846768738
-0.0834845853641
-0.133111586003
-0.10836559929
0.0169849659289
0.0748596819453
0.0787801459082
-0.0214049191951
-0.0876590698748
-0.0555442944204
0.0689497346616
0.134975654867
0.0657563656372
-0.034482336249
-0.0989088573914
-0.0581756527541
0.0499253530757
0.103570011287
0.0236191972124
-0.0756146256753
-0.118737132443
-0.0952428550512
0.0332860659577
0.0917515432373
0.0213083652203
-0.0831633254803
-0.125625470315
-0.10188359982
0.0196101010301
0.0865617857403
0.0720157441403
-0.0145354311746
-0.0782490931892
-0.0429706182956
0.0517613819922
0.103718155936
0.0666575937887
0.000537498096166
-0.0755247331862
-0.050121148902
0.0276388037022
0.0700192624295
0.0357444381033
-0.0674774963379
-0.107437605762
-0.0843021753927
0.0239468686945
0.0882343901086
0.0305974478712
-0.0541336920845
-0.111707647338
-0.0914422258344
0.00627942191953
0.0590636392604
0.0711470777952
0.0224606825809
-0.0544250793646
-0.0374186132526
0.0261527591824
0.0702711450487
0.0580975800666
0.0326908992192
-0.046630752429
-0.0466454329548
0.00858455450744
0.0320571672759
0.0439459471456
-0.0357506033935
-0.0923789215419
-0.0795207633049
0.0063467162493
0.0569375910798
0.026143511955
-0.0259730877348
-0.0870511242093
-0.0791017584081
-0.00478219223161
0.0290856533402
0.0585408143079
0.0429589912685
-0.0313837892087
-0.0343622345899
0.0176209681006
0.0328308448829
0.0367789084312
0.0339759703352
-0.0358050558224
-0.0424849964634
0.00850803637163
0.0135001021577
0.0341206723843
-0.0147499839217
-0.0723940102413
-0.0626707417531
0.00378947804904
0.0279770962538
0.0139375871749
-0.0124768805944
-0.0726909030217
-0.0676629448141
-0.00665737129069
0.0123399156864
0.0389905653049
0.0434395210041
-0.0215196295657
-0.0286287359295
0.0159088129901
0.0217216050838
0.0172306097255
0.0232356792498
-0.0403059079871
-0.0415879472852
0.00436690548545
0.00715772346444
0.0249954234976
0.000690561089317
-0.0603939771102
-0.0556667565738
0.00332080433582
0.0172535499377
0.00333924113039
-0.0104871106195
-0.072562228262
-0.0669468998137
-0.00582246167785
0.00973179930671
0.0167578338853
0.0250926008104
-0.0258618842944
-0.0281369085181
0.00630107021042
0.00748604933617
0.00190046443995
0.0125523358681
-0.0272821021594
-0.0350029168847
-0.00598652077489
-0.00700609886535
0.00146177127017
-0.00780818914269
-0.0545792556729
-0.0523194988925
0.000513159296039
0.0092356775496
-0.0194291505069
-0.0198790509785
-0.059755502583
-0.0537769231547
-0.00430819486387
-0.00782677651794
0.0
