0.0553026975332
0.0876295917248
0.0662535232292
0.0441153688031
-0.0498909539001
-0.05710111271
0.0193178455967
0.050540446651
0.084881709113
0.0450372421743
-0.0455212560945
-0.0613806153704
0.0165122618929
0.0638168513152
0.0635478683318
0.000376622029222
-0.0660557813904
-0.0421445942451
0.051209060962
0.0843880796036
0.0562661480056
0.000991576055616
-0.059759533653
-0.0345053992561
0.0520960849162
0.0735491633405
0.0791181741198
0.0397486554738
-0.0506310733571
-0.0645447942611
0.00936377657718
0.0565428547699
0.0678565042256
0.0354575766587
-0.040253251223
-0.0528075734424
0.013559765557
0.0594174335111
0.0515168208236
0.00950982557845
-0.0436803107334
-0.0222589310546
0.0493186188438
0.0689723885206
0.0161386508782
-0.00380492278427
-0.0276657481722
-0.0065967831372
0.037336809041
0.0303991760231
0.0665896487257
0.0401305638109
-0.0253619606436
-0.0344097993736
0.0196426937741
0.0546925125632
0.0320148911645
0.0332079301264
-0.0111880830621
-0.0220339966595
0.00744393277043
0.0155243233096
0.00935271237031
0.00988544802549
0.00194742909843
0.0224684739616
0.0499619020274
0.0276275331957
-0.0415337284289
-0.0104545711633
0.00414902776468
0.0280585328312
0.0424137072613
-0.0144710648385
0.0314867871445
0.0478506594929
0.0180397200162
0.00913041391131
0.0213093985737
0.010947590051
-0.00979492187131
0.0391671347763
0.0306592213503
0.0119293780793
0.00496347031335
-0.0345056923578
-0.0382472981768
0.00757763386673
0.0385033481211
0.06350701767
0.0641152644749
-0.00926759305539
-0.0815744710935
-0.0276149494573
0.0194425880148
0.0516643311535
0.0373761410936
-0.0555918286018
-0.00484164150436
0.0578331822189
0.066976569564
0.0467393462606
0.0199594510002
-0.0301440831634
-0.0548516097122
0.0281998607878
0.0556500622529
0.0315916535227
-0.00672175537873
-0.074378391732
-0.07150774956
-0.00627330916434
0.0553672196107
0.0882497987402
0.0571706673983
-0.0453668758344
-0.103202412012
-0.0356770978536
0.0257006315205
0.0574859956544
0.0240131439109
-0.0858990663899
-0.0511240984244
0.0457086075692
0.0906162653599
0.0680909388748
0.0129686871983
-0.0654673198812
-0.0880653857564
0.0144424142336
0.0610336764067
0.037956755117
-0.0223741286548
-0.0975694288252
-0.134418400449
-0.0973703866218
-0.0200850918899
-0.0119369259576
-0.0777191137812
-0.129737323962
-0.120255800953
-0.0810530304755
0.0603858125838
0.0642311891408
-0.0689946260927
-0.115366035096
-0.138346116111
-0.100040971845
-0.039184291565
-0.0213810146027
-0.0776698244484
-0.132858576021
-0.116508373112
-0.0600089881104
0.0497361756199
0.0489552991676
-0.069139358137
-0.124189495599
-0.134686439063
-0.0947431312458
0.0271345050839
0.0279548369842
-0.0930355226271
-0.131758780664
-0.109143788684
-0.0465812822194
0.124917950103
0.114781469686
-0.0597137065325
-0.114967170589
-0.127851037664
-0.0675690235343
0.0281564147263
0.00730957149694
-0.0928339766058
-0.140295297439
-0.0724319708225
0.0504231396832
0.123715168717
0.0822793143337
-0.0730307309531
-0.116128803669
-0.100645335047
-0.0396044231739
0.0826630546892
0.070779726186
-0.0641812093938
-0.110288763864
-0.0389909119586
0.00821728280207
0.0686218200601
0.0502999189124
-0.0143743181477
-0.0497932290728
-0.0624919911554
0.0493021995209
0.0824947991261
0.032522492092
-0.0746033878939
-0.111026640365
-0.00983455309782
0.0646658414777
0.0585168614352
0.0173352936579
-0.0251367444181
-0.0493699333202
-0.0112380442989
0.023411430609
0.0296753533047
0.0174006299696
0.000137185946805
-0.0213374875082
0.0379178107827
0.038650951721
0.00170869073147
-0.0127286948457
0.0306249589188
0.0352150692658
0.00529130159354
0.0520737891354
0.019491027873
-0.0040762584357
-0.00748502293428
-0.021482271469
0.0270982153516
0.0413756684573
0.00346340199962
-0.00325501086175
0.0336311713511
0.0276767297813
0.0348628040215
0.0309265865687
-0.0314430535058
-0.0425431786846
0.0131680244446
0.0277445875939
0.0678521780419
0.0536313402839
-0.025826809961
-0.0371199195608
0.026232100017
0.0550216569776
0.0180730404713
0.0278376375879
-0.0179442762717
-0.0233288997339
0.0201036385101
0.0184472158988
0.0527980391146
0.0719305822003
0.0216377385709
0.00239367652466
0.0431803961064
0.0430900586161
0.0543644638242
0.0407113355915
-0.0529110706625
-0.0653803333085
0.00158058531092
0.0339931358716
0.0799794991014
0.0498203604138
-0.0404511288294
-0.0646600542958
-0.0011534010119
0.0445534307754
0.038121957082
0.0661093668538
0.00798442769943
-0.0241171022166
0.0153478149078
0.0227696575387
0.0582917629721
0.0863626476032
0.0376535441293
-0.00780053482389
0.0250918586768
0.0337516599882
0.0710279832184
0.0440983133128
-0.0419528547887
-0.0665489312866
-0.00694956175434
0.0377279334078
0.0590589265141
0.0313131638676
-0.0395780799787
-0.0609617258965
-0.00433595304379
0.0337880430559
