0.110716302875
0.0532615751815
0.0175178877304
0.0437514430545
-0.00956002244303
-0.0491010691643
-0.000105304207643
0.00829258774146
-0.0582418569148
-0.0800513168413
-0.10933131655
-0.00689527311347
0.158931834374
0.0810993986718
0.00493383257758
0.0154483304752
-0.0375166385517
-0.0477754905802
0.0412524219243
0.0193130772202
0.050876887
0.0846163527041
0.017877840382
-0.0404585293343
-0.00644409221256
0.0131328273654
0.0573823239374
0.105283148283
0.041968228279
-0.0346947173618
-0.0213705475353
-0.009424759098
0.0284735668355
0.0587809985266
-0.0064768727732
-0.0469564964003
0.00172219741951
0.00244540806036
0.0167456669948
0.0859739010769
0.0342599538897
-0.030633504894
-0.0297984211712
-0.0339514699074
0.0456147785574
0.0994987971006
0.0320274822244
-0.0435790711645
-0.0301904116798
-0.0188483377683
0.0365375535505
0.0924535321826
0.0320455509568
-0.0364526633361
-0.0220384825148
-0.0216582199475
0.00865525520243
0.0887559762296
0.0427982324589
-0.0255357995274
-0.0250478849157
-0.0362696892205
0.014577424256
0.090147940822
0.0586919577724
0.0241661727964
0.0253555164344
-0.00977353668446
0.00329422824982
0.0610406243368
0.00245150168131
-0.0535849477739
-0.0280476354
-0.0340317003935
-0.000352403145934
0.0462321108947
-0.00401330447302
-0.0283698795596
0.0191454469344
-0.00221996971626
-0.00188985916716
0.0687181129309
0.0482270576868
0.0243390678921
0.0346090897211
-0.00910691407559
0.000800223936895
0.0568894830071
0.039788276774
0.060735466944
0.0904425457004
0.0312175648482
-0.0219404073587
0.0220573678544
-0.0234504861584
-0.0308312593527
0.033504782081
-0.000711383930797
-0.0470619897153
-0.0100113022008
-0.044271149645
-0.0221467739986
0.0636356897075
0.00245218057841
-0.0171070718514
0.0316959863501
0.0300558111601
0.0660009183822
0.1078478649
0.0350178146941
-0.0441218618269
-0.0055961977668
-0.00367477215028
0.0626829774554
0.116491113045
0.0253627614667
-0.0417774348718
-0.00892029755481
-0.035855647523
-0.00435963368506
0.0867418692005
0.021770737365
-0.0678775997116
-0.03706642058
-0.0458247688001
-0.00288912347332
0.0776479551702
-0.00324048213906
-0.0380792135366
-0.00148340780918
0.00390799343137
0.0727436505619
0.127458239227
0.038266185495
-0.0602084353036
-0.0185968815785
-0.0205363577615
0.0484960206874
0.0994569305113
0.00154773502691
-0.0522635874476
-0.019158808136
-0.0239531036912
0.0232190201037
0.0952206496016
0.0140472717393
-0.0617697021666
-0.0310963426413
-0.041818689115
0.00319344349046
0.0631839088479
-0.0124150817351
-0.0419861053678
-0.00462870383947
-0.000181827880259
0.064332749671
0.11134483475
0.0139706620419
-0.0570907342395
-0.026251156428
-0.0262213698882
0.0356199088676
0.0849298101262
-0.0067457220296
-0.0400653146978
-0.0115505214712
-0.0209093528535
0.02186548607
0.0809269857061
0.00680055224741
-0.0460705085711
-0.032286870564
-0.0445093816064
-0.00104626612605
0.0540333434653
-0.0112317370211
-0.0410025262363
-0.0136778667709
-0.0070918585481
0.050942143716
0.0979128406502
0.0110018214172
-0.0608152980956
-0.0354838578463
-0.0354308166482
0.0290522896733
0.0728111162909
-0.00917174246649
-0.0348289753668
-0.0206077332579
-0.0252082400296
0.0197823260248
0.0656832288509
0.00197392663013
-0.0419981568428
-0.0316065663337
-0.0417713325361
-0.000764347613626
0.0414455254999
-0.0189355422291
-0.0549790177922
-0.0273068100779
-0.0180855246272
0.0472593952204
0.0809929337417
-9.06300947578e-05
-0.0576971091769
-0.0453099502534
-0.0366640635333
0.0187338003665
0.057207946657
-0.0233731761321
-0.168064439252
-0.0990920794325
-0.0447723487747
-0.0273430129847
-0.0622186727494
-0.163449863591
-0.15394114236
-0.11818900562
-0.0105999047772
0.0967631399812
0.161454353358
-0.0541156889573
-0.166387642475
-0.10678042343
-0.0410106755101
-0.0485961648014
-0.106128484669
-0.16294772733
-0.145828869343
-0.096162183057
0.0259333660956
0.0521626162671
-0.0363820927609
-0.127894563028
-0.167193456503
-0.140515369258
-0.0868058786886
0.0311667297452
0.174724033847
-0.0660090017637
-0.124223483468
-0.131385186222
-0.0956580206236
0.0586318670872
0.203190156863
0.0446102569411
-0.165754751941
-0.12861467386
-0.0359176234755
0.00814048014176
-0.0334844985645
-0.136406228535
-0.141256165631
-0.115580813948
0.00742919036027
0.0978155064568
0.117113110198
-0.0573770419547
-0.0804897407007
-0.0907319316312
-0.0907368521436
0.0229976549923
0.167288987122
0.0499786676497
-0.0318648209753
-0.0214073752906
-0.0535419023627
-0.0331728262863
0.0497504796736
0.00600230540664
-0.105587852726
-0.0937601994895
-0.00530496398942
0.0772545186621
0.120791723119
-0.0246255564043
-0.0498872627862
-0.0368188689952
-0.0142380978932
0.0498193264123
0.0845490194592
0.00258339704135
0.00371725499126
0.0286236945238
-0.0195369570661
-0.0307055003544
0.0262584305418
0.00849268422984
