0.0614970151134
-0.00287431973699
-0.0093614372204
-0.0563050107265
-0.0300035686122
0.0636182633863
0.0248352612389
-0.0281319284457
-0.0249636544999
-0.0680998381822
0.0222020341572
0.083631515864
0.0616876627394
0.0201765853269
0.0310391163492
0.00344284436725
-0.0107425573994
0.0602719695014
0.0335563282665
-0.0133577315006
-0.0117294436177
-0.0388591200428
-0.00436228064517
0.0871565983407
0.0494292231258
-9.87810743989e-05
0.001530194981
-0.0410690591072
-0.026229811976
0.0578356809238
0.018426231331
-0.0333040410658
-0.0279350295179
-0.0616228709651
0.0129227122394
0.0913143915895
0.0704928410974
0.0158348153118
0.000801861521226
-0.0257775390828
-0.0290772738629
0.0677909812376
0.0510931822694
-0.00785978735493
-0.0325166837311
-0.0666644965974
-1.61342013811e-05
0.0834037671882
0.0517484371029
-0.00518120445113
-0.0102996924704
-0.0379453143027
-0.0236969441337
0.0547571957128
0.0223512451762
-0.0352146844148
-0.0410906917128
-0.0634907267436
-0.0189219705345
0.0865503911406
0.0788100079654
0.0203952834642
-0.0205481519727
-0.057800075194
-0.0499636442229
0.0602909278234
0.0518535653895
-0.00698391024027
-0.0396728702413
-0.0754582535641
-0.00951501187852
0.0709531968543
0.0474240984278
-0.0129395212893
-0.0269211374592
-0.0520113274368
-0.0436503936742
0.0480619085848
0.0225627655043
-0.0288237135013
-0.0463990588802
-0.0679090590989
-0.192349898644
-0.0567873597238
-0.0625317832395
-0.0885432400301
-0.131378580757
-0.204514513985
-0.0940429589121
0.198764449391
0.0479819084569
-0.0832734807956
-0.149762087111
-0.19040981156
-0.186784451061
0.194944152287
0.0507838352082
-0.119370657087
-0.168361532219
-0.242464209166
-0.0356966933247
0.248554055505
0.0764703051886
-0.172179064515
-0.219441313491
-0.24469209762
-0.0519270861923
0.213964528465
0.0287982762913
-0.115571966575
-0.1494473531
-0.175274360579
0.0486127071094
0.209166514021
0.0220305158003
-0.120692093974
-0.124536741382
-0.116914524377
-0.0163289312002
0.233292034106
0.00460433036447
-0.192626134455
-0.203353266199
-0.221226742341
0.0303772727581
0.154361454485
-0.0765565849605
-0.155996367173
-0.140645784158
-0.134016895194
0.0773666985192
0.153819649082
0.00253217077093
-0.0947913697609
-0.0685877228435
-0.0508884005944
0.0251074273123
0.0463365465812
-0.036438788773
-0.0294079043899
0.0192511517005
0.00575302569071
0.0535876014226
0.10801904783
-0.0719969615942
-0.104885333812
-0.0617331249803
-0.0550011552488
0.000430047955651
-0.00461782103517
-0.053060496124
-0.0142699088801
0.0446424860533
0.0147363163764
0.0165398449195
0.0138016671478
-0.0316482342189
0.00139575799593
0.0603867010511
0.031913500364
-0.0298301005971
-0.0233279376039
-0.0205507622025
0.0416272964978
0.085836410027
0.0173556416172
0.0032578030559
-0.0101592036631
-0.0405403818545
0.0123957401805
0.0866423065788
0.0491895943958
-0.0216536061944
-0.0360031414017
-0.0375668388178
0.0323340309121
0.101233956232
0.047409810352
-0.0314667426117
-0.0130209201406
-0.0126425963075
0.0501513761737
0.0898446788723
0.0127738986664
-0.00164648638503
0.0320887273092
0.0345109350664
0.0728871402463
0.096625118426
0.0204034998617
-0.0297198682555
-0.041032982008
-0.0463598560778
0.0271889558176
0.100747461718
0.0378661700474
-0.0353302017063
-0.0257176850712
-0.0348090315033
0.0332653713293
0.0873549536016
0.0216072867907
-0.00303486934374
0.0416306832479
0.0333062767443
0.056808351459
0.0700115569753
-0.000158426570429
0.0319448054144
0.100469535152
0.0712460004992
0.050054128545
0.0591578716224
0.00200876740531
-0.0460987897719
-0.0310761878476
-0.0532441972111
0.00456363317969
0.0583596398329
-0.00671617333183
-0.00960403850478
0.0261285580493
-0.0203364750342
-4.83334067073e-06
0.0411771609163
-0.00913585547092
0.0315875167989
0.114496259856
0.0726171202275
0.032396062
0.0343952423779
-0.0157842233596
0.0288365662386
0.120383387088
0.0713755506505
0.00201903150655
0.004850885992
-0.0367571829258
-0.0063330298019
0.0389233923693
-0.0252025550686
-0.01927940342
0.0185493016088
-0.0297199038486
0.0039531557756
0.0704893753691
-0.0153645391534
-0.04728395353
-0.0138015357293
-0.046070752963
0.0376727630085
0.132231454833
0.079127046801
0.00820755187753
0.00754024140382
-0.0335685868816
0.00626375864025
0.0991518821448
0.0542387882448
-0.0105864123607
-0.00690593320441
-0.0495238823989
0.0166980653022
0.0895092837959
0.00284465322873
-0.0418908701025
-0.00967235342314
-0.0444627583956
-0.00891021524917
0.0687257144028
0.000681205243407
-0.0479342041579
-0.0322847489662
-0.0681255044979
0.0188338984773
0.110531355144
0.0677263038095
0.0085978263171
0.00776570729028
-0.0340492825318
-0.00374807755297
0.0814206338721
0.0333687590882
-0.0180694834969
-0.00980741586971
-0.0424400546691
0.00950168799573
0.0825456832711
0.0217051579576
-0.0257033095665
