0.00513965994829
0.0269457414016
0.0782481624189
0.0583038817864
0.0269283990654
0.0101967590018
-0.0436295861794
-0.0331672806471
0.0346554873828
0.0346938729512
0.058540321394
0.0252841395201
-0.0382481536005
-0.0192789723424
0.0536683551604
0.0645358591679
0.0194389915711
0.0096433280607
-0.0231065487789
0.0154473144997
0.0696160014863
0.0390845132188
0.0265726716804
0.0163432824125
-0.00383646724942
0.0465146707869
0.0969530395438
0.0609977283789
0.0398594087961
-0.000287366190852
-0.0714307895796
-0.0473425840002
0.0398407423937
0.0548160383671
0.0456147064456
-0.00855105104863
-0.0740620212922
-0.0371767477897
0.0557414699443
0.0760352251436
0.0146832816302
0.0115156308396
-0.00628262521202
0.044255719592
0.0930454714784
0.0497505036911
0.0029792386215
0.011337986675
-0.0112187369436
0.0388952764625
0.0753372267553
0.0281173990065
0.0413252777206
-0.0121746537534
-0.0704599540813
-0.037789870489
0.0548531406519
0.0743202435746
0.0302381630512
-0.015098706717
-0.068610824803
-0.0380780273405
0.0454106234131
0.0549841931535
0.00975320684192
0.020210979571
0.00356640413126
0.05173526758
0.0850132583244
0.0324888718703
-0.0174092734488
-0.0100717662472
-0.0214923344263
0.0249611316774
0.0566010329901
0.00148621693076
0.0439522944858
0.00412706938413
-0.0409489559984
-0.00958409621278
0.0584334093404
0.0687453318266
0.00407975929201
-0.0125992385551
-0.0331504290697
-0.00392916650755
0.0358433700155
0.0261858507602
-0.00784770501226
0.00283534103681
0.00164944655294
0.0525894551778
0.0827807512942
0.0126896063759
-0.0597224644871
-0.0362811483577
-0.0312739349714
0.0278154839997
0.0607584255722
-0.0212977102614
0.0127611722655
0.00701801665094
0.00506849547185
0.0366569850197
0.0691536856509
0.0397220210411
-0.0441369202227
-0.0181221662519
-0.00135447808241
0.0367684919341
0.0595046914996
-0.00414513397864
-0.051133445875
-0.020273609065
-0.00185674363752
0.0645806206219
0.0909820657916
-0.00757588003602
-0.0960780009739
-0.0582822485547
-0.0269025780069
0.0481469407842
0.0647604836461
-0.0461223440698
-0.0339235519971
0.00124302266098
0.0341764908283
0.0748701508027
0.0890832815855
0.0100500017845
-0.0798079457823
-0.0286672974986
0.0128041279982
0.0660305409671
0.0595457328302
-0.040840775583
-0.084641535304
-0.0398800597035
0.00477195953925
0.0827588464269
0.0880442933736
-0.0345110050602
-0.100546957405
-0.0605649497372
-0.0176059513395
0.0554464569847
0.0545954784497
-0.0621363308763
-0.070981911478
-0.0154470223876
0.0444693027061
0.0942181050354
0.078736724083
-0.0301638519592
-0.0972930615015
-0.0374860251687
0.0160153137171
0.0698682326713
0.0470983988276
-0.068495497627
-0.133846421747
-0.0896326245952
-0.0131932176504
-0.0167189303881
-0.094837170211
-0.130052691512
-0.123846208767
-0.085447982799
0.0686452136504
0.0682916821482
-0.0809131071574
-0.123319496256
-0.141353181002
-0.102971594555
-0.0202500053005
-0.014812343501
-0.0839073546232
-0.134115394334
-0.128259329194
-0.0845885595095
0.0584474145781
0.0645100429203
-0.0796211405064
-0.124299197262
-0.136906954604
-0.0949992102153
0.0402554679565
0.0406295855028
-0.0908313358623
-0.135125578606
-0.123981550063
-0.0639070006002
0.132567453831
0.139881347513
-0.0428593403871
-0.115795795159
-0.14170977704
-0.0988044115544
0.0364232550622
0.0373556806248
-0.0897925129731
-0.137318743429
-0.11761512061
-0.0530123961167
0.130555203373
0.132451690977
-0.0535310912951
-0.12048323316
-0.115173173606
-0.0633687611131
0.0873869067531
0.0981536397707
-0.0453711381582
-0.109309493919
-0.0522611446466
-0.022000692644
0.0690031112378
0.0751383383863
0.0103735761351
-0.0414390231729
-0.109203254712
-0.054660840081
0.0899905049163
0.0887537168894
-0.0542303029884
-0.116553894772
-0.0433724945144
0.00438834179575
0.0807515977772
0.0693896105529
-0.00633332692179
-0.0517045077444
-0.0294568869129
-0.0093517174275
0.0243674792466
0.0309718992255
0.0188400414131
-0.0187953859083
0.0290895169996
0.0226314185174
-0.0100256070339
-0.00118252148508
0.0471306170239
0.0376021672142
-0.0208710583524
0.0111622529168
0.0371250448119
0.0274610891754
0.00882638660534
-0.0263866844951
0.0307373293418
0.038911285662
0.00396042615385
-0.00449685924403
0.0323381847141
0.0284471013258
0.0288808426935
0.0181974601242
-0.0354754174866
-0.0279745531784
0.0364398832814
0.038778331956
0.0680082556832
0.0320825525329
-0.0369377965251
-0.0230431934034
0.0536488026968
0.0711411876076
0.0357790911464
0.0338323248119
-0.0276908621912
-0.0348410401945
0.0212372804481
0.0289655421497
0.0657375353487
0.0511329345996
-0.02942111171
-0.0374051422635
0.0327014077327
0.0588653163133
0.0626593737981
0.0176098622034
-0.0592622597621
-0.0435307774749
0.0429310672658
0.0682268235394
0.0716291888195
0.0073022853045
-0.063566411365
-0.0384685427022
