-0.143334630232
-0.0883783446591
0.111130551446
0.0793150480362
0.00239620610442
-0.095455889935
-0.123046915878
-0.0871890699672
0.0824449840396
0.103755000785
-0.192430706669
-0.190954213876
-0.181247766753
0.0207717456603
0.207717500896
0.0278226945983
-0.101627051047
-0.118384632765
-0.1197259888
-0.0391516291504
0.140584550377
0.0592732901373
0.017740763662
-0.074709425765
-0.111400983128
-0.0842837621077
0.0814237423082
0.113157021874
0.0522996012774
-0.0367077073398
-0.070334117772
-0.0579709578165
0.0631344820937
0.1045646406
-0.0570835368352
-0.0752557842998
-0.0989481143792
-0.0571883319643
0.0821212748155
0.0513551611877
0.0227232422009
0.0275899635103
-0.0144412420894
-0.0335240845552
0.020336189041
0.03804279888
0.0631097688525
-0.0210305288569
-0.0752048720726
-0.0689270359759
0.0400357989588
0.102047851758
0.0893039940183
0.0250559455215
-0.0657662585911
-0.0781954261089
0.011829106304
0.0790339780009
0.0326661968506
0.0416089657313
-0.0162734384787
-0.0493211481686
0.000547980978481
0.0216097559683
0.0543874586562
0.0731703836831
0.0019404078477
-0.0552945893766
-0.0230626922496
0.00782813410402
0.104915006134
0.0515224530548
-0.0563815354861
-0.0761959017533
0.00745397470949
0.0832351408843
0.0915707860917
0.0610321972206
-0.0617530904611
-0.0949077058675
-0.0254780575922
0.0471232638171
0.0625814518039
0.0858422501154
0.00309114002667
-0.0534915815229
-0.0191617119933
0.0101597975542
0.0463697048993
0.0732721191007
-0.00279855402326
-0.0612757950736
-0.0349543776079
-0.00829924893761
0.094256999252
0.0694888366589
-0.050325755801
-0.0797047888272
-0.01731073627
0.0520181499393
0.0576285943368
0.0386665658045
-0.0576994007427
-0.0886122324687
-0.0171361591592
0.0301215888751
0.0539168702444
0.0803679491015
0.00860639762441
-0.0415559038102
-0.00807144881293
0.00628649695674
0.031590916187
0.0582698627711
-0.00400155492609
-0.0324019771127
0.0162428235784
0.0193302863075
0.0473101818959
0.037440273079
-0.048199213227
-0.0783078903379
-0.00811247288216
0.0335902493821
0.0199369745775
0.0125369794208
-0.0534540973378
-0.0753678947761
0.00508588912641
0.0240824449892
0.0295474980909
0.0538257631992
-0.000936147465284
-0.0204672076738
0.0421414166309
0.0344699110214
0.00234020091111
0.0249613011899
-0.0217453031865
-0.00869497038764
0.0698630098932
0.0390076426944
0.0130690067148
0.00959709546762
-0.0466193131513
-0.0596947515383
0.0230561343091
0.0346010558849
-0.00992516615512
-0.0105789239876
-0.0587676786211
-0.0532563882529
0.0298650175332
0.0201282907056
-0.00142433912448
0.0201719895324
-0.0171129665924
0.00257681739968
0.0847019089504
0.0485141419429
-0.0304091698478
-0.00896363238943
-0.0288323559239
0.00651929237904
0.0858657173919
0.0314760574508
-0.00476950205461
-0.00338309761033
-0.0464265358795
-0.0340450622043
0.0493682600677
0.0324933648063
-0.0241809799223
-0.0251055153243
-0.059979919439
-0.0395177739325
0.0368320094666
0.0104587272874
-0.0241825948989
-0.00541370776998
-0.0153110478
0.0246902305843
0.096120697784
0.036314728545
-0.037176802917
-0.0134725256107
-0.0309870365081
0.00978219068806
0.0719921804061
0.0114728767387
-0.0125056971617
-0.0112368600668
-0.0441527646016
-0.0234631175159
0.0484339675412
0.0235639186174
-0.0239246945588
-0.0199351535968
-0.0569832178026
-0.0383592008766
0.0250661268258
0.00222427845076
-0.0217381485443
-0.00281611739961
-0.0167372516631
0.0199904838386
0.0789433853408
0.0213061285244
-0.0299877461432
-0.0192163563852
-0.0365342294342
0.00227363113672
0.0547442164029
0.00712296611813
-0.0185866045418
-0.0100179795489
-0.0409253698868
-0.0208029308084
0.0316158750702
0.00775136369247
-0.0287865699196
-0.0268825300349
-0.0523419743598
-0.036285050094
0.0128650662921
-0.0137870314333
-0.0233957400974
-0.016308693891
-0.0226485840336
0.0176009212618
0.0600142307414
0.0110431133639
-0.0286853851087
-0.0257218858427
-0.0407587385362
-0.00687363943057
0.0413954066953
-0.00572963399726
-0.233156468522
-0.157739193779
-0.101128084377
0.064376299054
0.19631879295
-0.187706312787
-0.23302593645
-0.21033135576
-0.160340139974
0.0880672189115
0.25540741771
-0.0349484313574
-0.222004263173
-0.144925201595
-0.0949597142396
-0.0591358347867
-0.0544851878036
-0.213762050276
-0.201841278816
-0.16708513966
-0.089757858105
0.0525026612909
0.197976448295
-0.0942093073635
-0.205992072745
-0.191923065986
-0.184096090835
0.00749878292213
0.252667888017
-0.0161030386843
-0.129986997923
-0.139481871027
-0.148621309009
-0.0697642208798
0.15408327314
0.0223535439285
-0.184290927806
-0.165280399454
-0.127774246801
0.0315707106291
0.216795930496
-0.0464147225203
-0.1281655445
-0.138028265912
-0.132638502417
0.0164743413221
0.211521318599
0.0508084913677
-0.0519934649885
-0.0613866218164
-0.0966498000486
-0.0615537625081
